590
597
598
622
630
638
641
579
596
609
585
506
683
906
905
904
903
902
932
933
934
935
941
940
938
937
943
946
960
961
962
963
965
967
970
972
973
974
975
976
995
996
998
1003
1011
1014
1028
1030
1033
1049
1050
1054
1055
1058
1059
1061
1062
1071
1072
1073
1074
1088
1090
1091
1092
1107
1127
1128
1129
1130
1131
1132
1135
1136
1140
1142
1143
1144
1145
1146
1147
1148
1149
1151
1152
1156
1157
1158
1176
1177
1178
1179
1180
1181
1182
1183
1184
1185
1193
1194
1195
1196
1197
1198
1199
1204
1792
1798
1800
1803
1812
1813
1807
1799
1804
1806
1811
1815
1814
1816
1797
1801
1802
1805
1808
1809
1817
1818
1819
1820
1848
1849
1853
1854
1843
1844
1850
1852
1856
1857
1872
1873
1859
1860
1865
1866
1874
1875
1869
1870
1871
1864
1867
1868
1876
1877
1878
1879
1882
1883
1880
1881
1886
1887
1884
1885